I. For first 15,000 records:

Printing IP: Status code
[[u'0' u'0']
 [u'130211066.071' u'302']
 [u'216244066.194' u'200']
 ..., 
 [u'124040246.068' u'406']
 [u'114125182.223' u'200']
 [u'139130207.014' u'200']]
Initialization method and algorithm are deterministic. Setting n_init to 1.
Init: initializing centroids
Init: initializing clusters
Starting iterations...
Run: 1, iteration: 1/100, moves: 78, ncost: 1.70269928382e+17
Run: 1, iteration: 2/100, moves: 31, ncost: 1.66149658487e+17
Run: 1, iteration: 3/100, moves: 4, ncost: 1.66060331859e+17
Run: 1, iteration: 4/100, moves: 0, ncost: 1.66060331859e+17
Printing result for 4 clusters by host-ip and status:
[1 2 0 1 1 0 2 1 3 0 1 3 0 2 0 0 1 0 1 1 3 1 1 3 1 3 3 3 1 1 1 3 3 0 3 2 3
 2 3 3 2 0 3 3 1 1 3 3 3 0 0 0 0 0 0 0 0 1 3 0 3 0 2 0 0 2 3 0 2 3 0 0 1 2
 1 0 2 0 3 0 0 0 0 0 3 3 2 2 1 2 2 1 0 0 2 1 0 2 0 2 2 0 1 3 3 2 1 0 0 0 0
 0 2 3 3 3 0 0 3 3 1 0 1 3 0 2 1 0 1 3 3 2 0 3 0 0 2 0 3 2 3 3 3 0 0 1 1 2
 0 3 2 1 3 1 2 1 2 0 0 0 2 0 3 3 0 0 0 0 2 3 3 1 3 3 0 3 1 1 0 1 0 0 2 0 1
 0 3 2 3 0 2 3 0 0 0 0 3 1 1 0 2 2 0 2 1 0 1 1 2 0 0 0 3 3 2 3 1 1 0 1 2 2
 2 0 1 2 1 3 2 1 3 0 3 0 0 2 3 3 3 1 0 0 3 0 2 0 0 0 3 0 2 2 3 1 2 1 1 0 0
 2 0 2 1 0 0 3 2 1 0 0 1 0 1 1 1 0 0 1 2 3 2 1 2 2 3 2 0 0 1 0 1 3 3 3 0 3
 0 0 0 1 2 3 3 0 2 1 3 2 2 0 3 2 0 1 3 0 2 2 0 3 2 1 3 2 0 3 0 0 3 1 2 3 2
 0 0 1 3 1 3 2 2 1 3 3 3 3 0 3 0 0 3 0 3 3 3 0 3 2 1 3 3 2 0 3 0 3 3 0 2 0
 0 0 1 2 1 0 1 2 0 1 0 0 2 3 1 0 1 2 0 0 0 3 0 3 1 1 0 1 2 0 3 0 0 0 1 3 3
 3 0 0 0 1 2 3 1 3 0 0 0 2 3 1 3 0 1 3 0 0 1 0 0 0 0 2 0 3 0 0 3 1 3 1 2 2
 0 2 2 3 0 2 0 1 1 0 0 2 0 0 1 3 0 1 2 0 2 0 3 0 0 1 0 0 0 0 3 0 3 3 0 2 0
 0 2 0 3 2 1 3 0 2 1 0 1 1 0 0 2 1 3 3 2 0 2 0 0 0 1 3 2 0 3 2 0 0 3 2 3 2
 0 1 0 0 2 0 3 3 3 1 0 2 0 0 1 2 1 0 0 3 0 0 1 2 2 3 3 0 0 3 3 3 0 2 0 2 1
 0 3 3 3 1 2 0 1 1 0 1 3 2 2 3 0 1 0 0 0 1 3 3 1 1 1 1 3 3 2 3 0 0 2 3 0 1
 0 3 0 3 0 1 0 2 3 1 0 2 3 0 0 0 1 1 0 2 0 0 2 0 0 2 3 0 0 3 0 0 3 3 3 0 1
 0 2 0 3 0 0 3 2 3 1 0 3 2 2 0 1 3 1 0 3 3 1 0 1 1 3 0 0 0 0 0 0 3 3 0 0 0
 0 0 3 3 0 1 1 2 3 0 3 2 0 2 2 2 0 1 1 3 1 0 0 2 3 0 3 0 2 0 0 3 0 2 2 2 0
 2 0 2 0 0 2 3 3 2 0 0 0 0 0 3 1 3 0 0 2 2 0 2 0 0 0 0 1 2 0 3 2 2 3 3 1 1
 3 0 0 0 2 1 0 2 3 1 0 2 2 3 3 1 3 0 3 3 3 3 2 2 1 3 0 3 0 1 3 2 1 0 3 0 3
 2 0 0 1 1 1 1 1 2 0 2 0 1 3 0 2 0 3 1 3 3 2 2 2 1 0 0 3 3 0 0 0 3 0 0 3 3
 2 3 0 2 3 1 2 2 2]
*****PRINTING MOST FREQ TIME PER USER:****** 
Printing IP:hour
[[u'0' u'0']
 [u'130211066.071' u'00']
 [u'216244066.194' u'19']
 ..., 
 [u'124040246.068' u'00']
 [u'114125182.223' u'02']
 [u'139130207.014' u'19']]
Printing k-means for host IP and most frequent hour, clusters 24
[ 4 21 14  9  9  8  7  9 12  0  9 10 14  7  5  8 17 15  9 16 10  9  9 10  9
 12 10  1  9  9  9  1 10  0 23 13 12  2 16 10  7  5  1  1  9 16 23 10 10  5
  5 15  6  5  5 19 18  3 10  0 10  8  2  5 18  7 23  0 21 12 19  0  3  7 17
 19  2  0  1  6  8 18  5  6 10 10 11 20  9  7 21 17 15 19 21 16 14 13  6 21
 21  5  4  1 23 13 16  5  5  6  5  0  2  1  1  1 15 15 23 10  4  0  3 10  5
  2  9  6  9  1  1  2  0 10 15 18  7  6 10 11  1  1  1  6  8 22  3 13  5 23
  7  4 10  3  2 16 11  0 18 15 13  8 12  1  5 18 18  0 13  1 10 16 23  1 19
  1  3  9  8  3  5  5 13 18 22  5 10 23 10  5  7 16  5  8  5  6 12  4  4 19
 13 21 18  2  9 18  3  3 13 19  0  0  1 12 20  1 16 22  0 16 13  7 13  0  3
  7  4 12  7 17 12  5 12  5 15  7  1  1  1 16  5 14 23  0 13  0  6 15  1 19
  7 13  1 16  2 16 16  5 18 11  5  8  9  5  5 23  7  9 14 19  3 18 22 16 22
 19  5  3  2 12  2 16  2  2 10  2  0  6  3  5 16 10 10  1 18  1 18  5  5 22
  2  1 10  5 20 16  1  7  2  0 23  7 18  3 16  5 13  7 18 23 13 16 23 13  0
 23 15  6  1 22  2  1  2 19  6 16  1  4  1 11  2 16  1 10 10  1 15 23 15  5
  1 14 10 10 10 18 10 11 16 10 10  7  8  1 14 10 23  5  2 18  6 15 22  2 22
  6 16  2  5 16  6  0  2  1  3 14 22  2 14 14  6  1 19 10 16 16  5 16  2  5
 10 19 18  6 16 10 10 10  6 19 18 16 20  1  3 10  0  5 19  2 23 22 10 14  4
  1  0  5  3 18  5  6  8  2 14 10  5  6  1  3  1  9  2 21 18 13 20  1  0  2
  5  3  9 15  6 20  5  0 17  1 18 16  2  5 13 18 10 15  5 16 15 15  5  0 12
  5  1 12 18  2  8 15 11  5 23  7 16 23  6  2 22  0 16 16  5  6 13  4  1  1
  2  5  2 14 14  0 22 10  2 14 23  2 19  5 12 13 12  2  5  9 18 14 20  8 23
 23 12 16 15 13  5 14  4 23  4 19  5 10 15 18 16  2  2  1 10  8 14  1  1 10
  5  7 14  2 16 15 10 10 10 16  2  5 17  3  0  9 23  2  2 10 15  3  6  6 14
 22 10 10 17  3  4  9 10 10  2  1  0  5  7  1  0  9  5 23  0 23  6  9 15  2
 10  4  5 20 12 15 18 18  9  4  5 21 18  5  7 15 14 21 23  8 14 23 15  8 12
  1  1  5  3  0 13 19  1  5  0  1  2  1 16 15  1  2 20  5  3  1  9 18  1 10
 17  5  4 17  1  5  0  6  5  5 19  1  1  5 15  0 14  5 10 23  5 16 22 13 10
 18 12 20  5  7  2 20  8 22  3 12  9 18  6  2 10 15 10  5  2 19  8 12  0 13
 13  2  5  7  5  7  6  0  2 23 10  7  0 14 15 15  6 10 16 12  6 14  2  2  5
 11  5 18  6 19 16 20 15 23 11 13 12 23  4  4  1  5 15  5  2 16  8 20 12 16
 14  2  2 23 23 16  1 15 12 10 12  1  2  2 16  1  5  1  0 17  1  7 16  8 12
  5 23 20 15 14  4  3 22 22 22  2 15 13  5  3  1  5 21 15 10  4 10 10  2  2
 13 17 14 14 10 10  6  5 18 10 15 15 10 10  7 23 18 13 10 17  2 13 20]
Print IP addresss: Response Size
[['0' '0']
 ['130211066.071' '348.425655977']
 ['216244066.194' '23491.4701493']
 ..., 
 ['124040246.068' '481.2']
 ['114125182.223' '2233.0']
 ['139130207.014' '1135.0']]
[4 2 3 5 5 7 8 5 6 9 5 1 3 8 0 7 4 9 5 1 1 5 5 1 5 6 1 6 5 5 5 6 1 9 8 8 6
 2 1 1 8 0 6 6 5 1 8 1 1 0 0 9 3 0 0 0 0 5 1 9 1 7 2 0 0 8 8 9 2 6 0 9 5 8
 4 0 2 9 6 3 7 0 0 3 1 1 7 7 5 8 2 4 9 0 2 5 3 8 3 2 2 0 4 6 8 8 1 0 0 3 0
 9 2 6 6 6 9 9 8 1 4 9 5 1 0 2 5 3 5 6 6 2 9 1 9 9 8 3 1 7 6 6 6 3 7 5 5 8
 0 8 8 4 1 5 2 1 7 9 0 9 2 7 6 6 0 0 0 9 8 6 1 1 8 6 0 6 5 5 7 5 0 0 8 0 5
 0 1 8 1 0 8 1 0 7 0 3 6 4 4 0 8 2 0 2 5 0 5 5 8 0 9 9 6 6 7 6 1 5 9 1 2 8
 8 9 5 8 4 6 8 4 8 0 6 0 9 8 6 6 6 1 0 3 8 9 8 9 3 9 6 0 8 8 6 5 2 1 1 0 0
 7 0 7 5 0 0 8 8 5 3 0 5 0 5 1 5 0 0 5 2 6 2 1 2 2 1 2 9 3 5 0 1 1 1 6 0 6
 0 0 0 5 2 6 1 0 7 1 6 8 2 9 8 8 0 5 1 0 2 8 0 8 8 1 8 2 9 8 9 3 6 5 2 6 2
 0 3 5 6 4 6 7 2 1 6 1 1 6 9 8 9 0 6 3 1 1 1 0 1 7 1 1 1 8 7 6 3 1 8 0 2 0
 3 9 5 2 5 3 1 2 0 1 3 9 2 6 5 3 5 2 3 3 3 6 0 1 1 1 0 1 2 0 1 0 0 3 1 1 1
 1 3 0 9 1 7 6 5 1 9 0 0 2 8 5 1 3 4 6 9 0 5 0 0 3 7 2 3 1 0 3 6 5 6 5 2 2
 0 8 7 6 9 2 0 5 5 9 3 7 0 9 4 6 0 1 2 0 8 0 1 9 0 1 9 9 0 9 6 0 6 6 0 2 7
 9 7 0 8 8 1 8 3 2 5 9 1 1 0 3 8 4 6 6 2 0 2 3 3 9 5 1 2 3 8 2 0 0 6 8 6 2
 0 5 0 3 7 7 8 8 8 1 9 8 0 3 4 8 4 0 0 1 9 0 1 2 2 6 1 7 3 6 6 1 0 8 3 2 1
 9 1 1 1 1 2 0 5 5 9 5 8 2 2 1 9 5 3 3 3 5 1 1 5 5 4 5 1 1 2 6 9 0 8 6 9 5
 0 8 9 8 3 5 9 2 1 4 0 7 6 9 0 0 5 4 0 2 0 0 8 9 3 2 8 7 3 8 9 7 6 6 6 0 5
 9 8 0 6 0 9 6 2 6 1 9 6 2 7 0 5 6 5 0 6 1 4 0 4 4 6 0 9 3 0 0 0 6 6 0 9 9
 3 0 1 8 0 1 5 2 1 0 6 7 0 8 2 7 7 5 5 6 5 0 3 2 1 9 1 0 2 0 7 6 9 8 2 2 0
 8 0 8 3 9 2 8 1 8 9 3 9 9 3 1 1 6 3 3 2 2 0 7 0 0 3 0 1 7 9 8 7 2 6 8 4 4
 6 0 9 0 2 1 7 7 6 1 3 2 2 8 8 1 6 9 6 1 6 6 2 2 1 6 0 6 9 4 6 8 1 0 8 0 8
 7 9 3 4 5 5 5 5 2 9 8 0 5 6 0 2 9 1 4 1 1 2 2 8 4 3 3 1 1 3 0 9 1 9 9 1 1
 8 8 0 8 1 4 2 2 7]
*****PRINTING VERB:*******
Printing IP:VERB
[[u'0' u'0']
 [u'130211066.071' u'348.425655977']
 [u'216244066.194' u'23491.4701493']
 ..., 
 [u'124040246.068' u'POST']
 [u'114125182.223' u'POST']
 [u'139130207.014' u'GET']]
PRINTING IP:URL
[[u'0' u'0']
 [u'130211066.071' u'/feed/']
 [u'216244066.194' u'/robots.txt']
 ..., 
 [u'124040246.068' u'/wp-login.php']
 [u'114125182.223' u'/wp-login.php']
 [u'139130207.014' u'/favicon.ico']]
Initialization method and algorithm are deterministic. Setting n_init to 1.
Init: initializing centroids
Init: initializing clusters
Starting iterations...
Run: 1, iteration: 1/100, moves: 57, ncost: 4.10163866164e+17
Run: 1, iteration: 2/100, moves: 15, ncost: 4.09851320081e+17
Run: 1, iteration: 3/100, moves: 0, ncost: 4.09851320081e+17
Printing result for verb:
[0 3 2 ..., 3 3 3]
Initialization method and algorithm are deterministic. Setting n_init to 1.
Init: initializing centroids
Init: initializing clusters
Starting iterations...
Run: 1, iteration: 1/100, moves: 170, ncost: 1.08302106531e+17
Run: 1, iteration: 2/100, moves: 56, ncost: 1.04189264387e+17
Run: 1, iteration: 3/100, moves: 49, ncost: 1.00339432273e+17
Run: 1, iteration: 4/100, moves: 73, ncost: 8.28626095305e+16
Run: 1, iteration: 5/100, moves: 95, ncost: 6.78124689287e+16
Run: 1, iteration: 6/100, moves: 45, ncost: 6.40376768403e+16
Run: 1, iteration: 7/100, moves: 16, ncost: 6.36250579202e+16
Run: 1, iteration: 8/100, moves: 0, ncost: 6.36250579202e+16
Printing result for url:
[0 6 3 0 0 9 7 0 8 2 0 1 3 7 2 9 0 3 0 0 1 0 0 1 0 8 1 1 0 0 0 1 1 2 8 4 8
 5 1 1 7 2 1 1 0 0 8 1 1 2 2 3 3 2 2 2 2 0 1 3 1 9 6 2 2 4 8 2 6 8 2 3 0 7
 0 2 6 2 1 3 9 2 2 3 1 1 9 9 0 4 6 0 3 2 6 0 3 4 3 6 6 2 0 1 8 4 0 2 2 3 2
 2 5 1 1 1 3 3 8 1 0 2 0 1 2 6 0 3 0 1 1 6 2 1 3 2 7 3 1 9 1 1 1 3 9 0 0 4
 2 8 7 0 1 0 5 0 9 2 2 3 4 9 8 1 2 2 2 3 4 1 1 0 8 8 2 1 0 0 9 0 2 2 4 2 0
 2 1 7 1 2 7 1 2 9 2 3 8 0 0 2 4 6 2 6 0 2 0 0 4 2 2 2 1 8 9 1 0 0 2 0 5 7
 4 2 0 7 0 8 7 0 8 2 8 2 3 7 1 1 1 0 2 3 8 2 4 2 3 3 1 2 7 4 1 0 5 0 0 2 2
 9 2 9 0 2 2 8 7 0 3 2 0 2 0 0 0 2 2 0 6 8 6 0 6 6 1 5 2 3 0 2 0 1 1 8 2 1
 2 2 2 0 5 1 1 2 9 0 1 7 6 2 7 7 2 0 1 2 5 7 2 8 4 0 8 4 2 8 3 3 1 0 6 1 6
 2 3 0 1 0 8 9 6 0 1 1 1 1 3 8 3 2 1 3 1 1 1 2 1 9 0 1 1 7 9 1 3 1 8 2 5 2
 3 3 0 5 0 3 0 6 2 0 3 2 6 1 0 3 0 5 3 3 3 1 2 1 0 0 2 0 6 2 1 2 2 3 0 1 1
 1 3 2 2 0 6 1 0 1 2 2 2 5 8 0 1 3 0 1 2 2 0 2 2 3 9 6 3 1 2 3 1 0 1 0 5 6
 2 4 9 1 2 5 2 0 0 3 3 9 2 2 0 1 2 0 5 2 4 2 1 3 2 0 3 3 2 2 8 2 1 8 2 6 9
 3 9 2 8 7 0 8 3 5 0 2 0 0 2 3 4 0 1 1 5 2 5 3 3 2 0 1 6 3 8 6 2 2 8 4 8 6
 2 0 2 3 9 9 8 8 8 0 3 4 2 3 0 7 0 2 2 1 3 2 0 6 6 1 1 9 3 1 1 1 2 7 3 6 0
 3 1 1 1 0 6 2 0 0 2 0 8 6 5 1 3 0 3 3 3 0 1 1 0 0 0 0 1 1 6 1 3 2 7 1 3 0
 2 8 2 8 3 0 3 5 1 0 2 9 8 3 2 2 0 0 2 6 2 2 7 3 3 6 8 9 3 8 3 9 8 1 1 2 0
 2 4 2 1 2 2 1 6 8 0 3 1 6 9 2 0 1 0 2 1 1 0 2 0 0 8 2 2 3 2 2 2 1 1 2 3 2
 3 2 1 8 2 0 0 5 1 2 8 9 2 7 6 9 9 0 0 8 0 2 3 6 1 3 1 2 6 2 9 8 3 4 5 6 2
 7 2 7 3 3 6 8 1 7 3 3 3 3 3 1 0 8 3 3 6 6 2 9 2 2 3 2 0 9 3 8 9 5 8 8 0 0
 1 2 3 2 6 0 9 9 8 0 3 6 6 8 8 0 1 3 8 1 8 1 6 5 0 1 2 1 2 0 1 7 0 9 8 2 8
 9 3 3 0 0 0 0 0 6 3 4 2 0 1 2 6 3 1 0 1 1 5 6 4 0 3 3 1 1 3 2 2 1 3 3 1 1
 7 8 2 4 1 0 6 5 9]
 






II. For 21,000 records of the log file
Printing IP: Status code
[[u'0' u'0']
 [u'46229218.224' u'200']
 [u'130211066.071' u'302']
 ..., 
 [u'124040246.068' u'406']
 [u'114125182.223' u'200']
 [u'139130207.014' u'200']]
Initialization method and algorithm are deterministic. Setting n_init to 1.
Init: initializing centroids
Init: initializing clusters
Starting iterations...
Run: 1, iteration: 1/100, moves: 69, ncost: 2.31911155444e+17
Run: 1, iteration: 2/100, moves: 17, ncost: 2.31085561369e+17
Run: 1, iteration: 3/100, moves: 2, ncost: 2.31071699577e+17
Run: 1, iteration: 4/100, moves: 0, ncost: 2.31071699577e+17
Printing result for 4 clusters by host-ip and status:
[0 0 2 ..., 2 2 2]
*****PRINTING MOST FREQ TIME PER USER:****** 
Printing IP:hour
[[u'0' u'0']
 [u'46229218.224' u'09']
 [u'130211066.071' u'05']
 ..., 
 [u'124040246.068' u'00']
 [u'114125182.223' u'02']
 [u'139130207.014' u'19']]
Printing k-means for host IP and most frequent hour, clusters 24
[ 8  7 11 ..., 13  3 16]
Print IP addresss: Response Size
[['0' '0']
 ['46229218.224' '3720.58']
 ['130211066.071' '348.713235294']
 ..., 
 ['124040246.068' '481.2']
 ['114125182.223' '2233.0']
 ['139130207.014' '1135.0']]
[8 3 6 ..., 6 6 5]
*****PRINTING VERB:*******
Printing IP:VERB
[[u'0' u'0']
 [u'46229218.224' u'3720.58']
 [u'130211066.071' u'348.713235294']
 ..., 
 [u'124040246.068' u'POST']
 [u'114125182.223' u'POST']
 [u'139130207.014' u'GET']]
PRINTING IP:URL
[[u'0' u'0']
 [u'46229218.224'
  u'/wp-content/plugins/syntaxhighlighter/syntaxhighlighter3/scripts/shBrushGroovy.js?ver=3.0.9b']
 [u'130211066.071' u'/feed/']
 ..., 
 [u'124040246.068' u'/wp-login.php']
 [u'114125182.223' u'/wp-login.php']
 [u'139130207.014' u'/favicon.ico']]
Initialization method and algorithm are deterministic. Setting n_init to 1.
Init: initializing centroids
Init: initializing clusters
Starting iterations...
Run: 1, iteration: 1/100, moves: 257, ncost: 4.62572409823e+17
Run: 1, iteration: 2/100, moves: 50, ncost: 4.59112635899e+17
Run: 1, iteration: 3/100, moves: 3, ncost: 4.59101408239e+17
Run: 1, iteration: 4/100, moves: 0, ncost: 4.59101408239e+17
Printing result for verb:
[1 1 2 ..., 2 2 2]
Initialization method and algorithm are deterministic. Setting n_init to 1.
Init: initializing centroids
Init: initializing clusters
Init: initializing centroids
Init: initializing clusters
Init: initializing centroids
Init: initializing clusters
Init: initializing centroids
Init: initializing clusters
Starting iterations...
Run: 1, iteration: 1/100, moves: 191, ncost: 3.9638043075e+16
Run: 1, iteration: 2/100, moves: 77, ncost: 3.7153603852e+16
Run: 1, iteration: 3/100, moves: 25, ncost: 3.6705257942e+16
Run: 1, iteration: 4/100, moves: 6, ncost: 3.66774766402e+16
Run: 1, iteration: 5/100, moves: 2, ncost: 3.66736524397e+16
Run: 1, iteration: 6/100, moves: 0, ncost: 3.66736524397e+16
Printing result for url:
[4 2 3 ..., 0 0 3]
